// Blade element data
// Divides the blade into N stations. Two stations define a span section (N-1 span sections).
// An integer number of actuator elements will be defined along each span section. 
// 18 nodes (17 elements) for the NREL 15-MW RWT
// axialDistance[m], radius[m], azimuth, chord[m], chordMount[%], twist[deg]
()
/*
(0.000	 1.5000	0.000	3.3860	0.250   0)
(0.000	 4.2333	0.000	3.6980	0.250   0)
(0.000	 6.9667	0.000	4.0105	0.250   0)
(0.000	 9.7000	0.000	4.3230	0.250   0)
(0.000	13.8000	0.000	4.6045	0.250   0)
(0.000	17.9000	0.000	4.5550	0.250   0)
(0.000	22.0000	0.000	4.3535	0.250    0)
(0.000	26.1000	0.000	4.1280	0.250    0)
(0.000	30.2000	0.000	3.8775	0.250    0)
(0.000	34.3000	0.000	3.6250	0.250    0)
(0.000	38.4000	0.000	3.3790	0.250    0)
(0.000	42.5000	0.000	3.1330	0.250    0)
(0.000	46.6000	0.000	2.8870	0.250    0)
(0.000	50.7000	0.000	2.6410	0.250    0)
(0.000	54.8000	0.000	2.3950	0.250    0)
(0.000	57.5333	0.000	2.1995	0.250    0)
(0.000	60.2667	0.000	1.7525	0.250    0)
(0.000	63.0000	0.000	1.0855	0.250    0)
/*
(0.000	 1.5000	0.000	3.3860	0.250   13.3080)
(0.000	 4.2333	0.000	3.6980	0.250   13.3080)
(0.000	 6.9667	0.000	4.0105	0.250   13.3080)
(0.000	 9.7000	0.000	4.3230	0.250   13.3080)
(0.000	13.8000	0.000	4.6045	0.250   12.3940)
(0.000	17.9000	0.000	4.5550	0.250   10.8210)
(0.000	22.0000	0.000	4.3535	0.250    9.5865)
(0.000	26.1000	0.000	4.1280	0.250    8.4030)
(0.000	30.2000	0.000	3.8775	0.250    7.1695)
(0.000	34.3000	0.000	3.6250	0.250    5.9525)
(0.000	38.4000	0.000	3.3790	0.250    4.7745)
(0.000	42.5000	0.000	3.1330	0.250    3.6565)
(0.000	46.6000	0.000	2.8870	0.250    2.7220)
(0.000	50.7000	0.000	2.6410	0.250    1.9225)
(0.000	54.8000	0.000	2.3950	0.250    1.1282)
(0.000	57.5333	0.000	2.1995	0.250    0.6165)
(0.000	60.2667	0.000	1.7525	0.250    0.2380)
(0.000	63.0000	0.000	1.0855	0.250    0.0000)

/*
(	0	1.5	0	3.2	0.25	13.08	)	//1
(	0	6.965	0	4.0085	0.25	13.08	)
(	0	10.04	0	4.3585	0.25	13.08	)
(	0	13.8	0	4.601	0.25	12.28	)
(	0	17.9	0	4.555	0.25	10.82	)
(	0	22	    0	4.3535	0.25	9.5855	)
(	0	26.1	0	4.128	0.25	8.403	)
(	0	30.2	0	3.8775	0.25	7.1695	)
(	0	34.3	0	3.625	0.25	5.9525	)
(	0	38.4	0	3.379	0.25	4.7745	)	//10
(	0	42.5	0	3.133	0.25	3.6565	)
(	0	46.6	0	2.887	0.25	2.722	)
(	0	50.7	0	2.641	0.25	1.9225	)
(	0	54.46	0	2.4155	0.25	1.1945	)
(	0	57.535	0	2.1995	0.25	0.6165	)
(	0	60.265	0	1.743	0.25	0.265	)
(	0	62.315	0	1.05	0.25	0.08	)
(	0	63	0	0.7	0.25	0	)	//18

(0.000	 1.5000     0.000	3.3860	0.250   0 )
(0.000	 4.3667     0.000	3.6980	0.245   0 )
(0.000	 7.1000     0.000	4.0105	0.208   0 )
(0.000	 9.8333     0.000	4.3230	0.171   0 )
(0.000	13.2500     0.000	4.6045	0.125   0 )
(0.000	17.3500     0.000	4.5550	0.125   0 )
(0.000	21.4200     0.000	4.3535	0.125    0 )
(0.000	25.5500     0.000	4.1280	0.125    0 )
(0.000	29.6500     0.000	3.8775	0.125    0 )
(0.000	33.7500     0.000	3.6250	0.125    0 )
(0.000	37.8500     0.000	3.3790	0.125    0 )
(0.000	41.9500     0.000	3.1330	0.125    0 )
(0.000	46.0500     0.000	2.8870	0.125    0 )
(0.000	50.1500     0.000	2.6410	0.125    0 )
(0.000	54.2500     0.000	2.3950	0.125    0 )
(0.000	57.6667     0.000	2.1995	0.125    0 )
(0.000	60.4000     0.000	1.7525	0.125    0 )
(0.000	63.0000     0.000	1.0855	0.125    0 )

(0.000	 1.5000	0.000	3.3860	0.250   13.3080)
(0.000	 4.2333	0.000	3.6980	0.245   13.3080)
(0.000	 6.9667	0.000	4.0105	0.208   13.3080)
(0.000	 9.7000	0.000	4.3230	0.171   13.3080)
(0.000	13.8000	0.000	4.6045	0.125   12.3940)
(0.000	17.9000	0.000	4.5550	0.125   10.8210)
(0.000	22.0000	0.000	4.3535	0.125    9.5865)
(0.000	26.1000	0.000	4.1280	0.125    8.4030)
(0.000	30.2000	0.000	3.8775	0.125    7.1695)
(0.000	34.3000	0.000	3.6250	0.125    5.9525)
(0.000	38.4000	0.000	3.3790	0.125    4.7745)
(0.000	42.5000	0.000	3.1330	0.125    3.6565)
(0.000	46.6000	0.000	2.8870	0.125    2.7220)
(0.000	50.7000	0.000	2.6410	0.125    1.9225)
(0.000	54.8000	0.000	2.3950	0.125    1.1282)
(0.000	57.5333	0.000	2.1995	0.125    0.6165)
(0.000	60.2667	0.000	1.7525	0.125    0.2380)
(0.000	63.0000	0.000	1.0855	0.125   -0.0260)

(0.000	 0.0000 	0.000	3.5420	0.250   0)   //0
(0.000	 2.8667	    0.000	3.5420 	0.250   0)   //1
(0.000	 5.6000	    0.000	3.8540	0.250   0)
(0.000	 8.3333     0.000	4.1670	0.250   0)
(0.000	 11.750     0.000	4.5570	0.250   0)
(0.000	15.8500	    0.000	4.6520	0.250   0)   //5
(0.000	19.9500	    0.000	4.4580	0.250    0)
(0.000	24.0500	    0.000	4.2490	0.250    0)
(0.000	28.1500	    0.000	4.0070	0.250    0)
(0.000	32.2500	    0.000	3.7480	0.250    0)
(0.000	36.2500	    0.000	3.5020	0.250    0)  //10
(0.000	40.4500	    0.000	3.2560	0.250    0)
(0.000	44.5500	    0.000	3.0100	0.250    0)
(0.000	48.6500	    0.000	2.7640	0.250    0)
(0.000	52.7500	    0.000	2.5180	0.250    0)
(0.000	56.1667	    0.000	2.3130	0.250    0)  //15
(0.000	58.9000	    0.000	2.0860	0.250    0)
(0.000	61.6333	    0.000	1.419	0.250    0)  //17

*/

